124 124
1000
0 0 0
1 -1 1
2 -2 2
1 -2 2
1 -3 0
2 -4 1
0 -3 2
0 -1 2
-1 -2 1
1 0 2
1 1 0
1 -4 1
-1 0 0
-2 -1 2
3 -3 0
1 -5 0
-1 1 0
0 -2 2
3 -5 0
0 -4 2
1 2 2
-2 2 1
4 -5 0
-2 1 0
2 2 0
3 -6 1
3 1 1
4 1 2
1 3 2
4 -6 1
-1 -1 2
4 -3 0
-3 -1 1
3 -2 1
3 2 2
4 0 0
5 0 2
5 1 0
4 2 0
4 3 1
1 -6 0
3 3 2
-2 3 0
2 4 2
3 4 1
6 -1 1
0 -6 0
-2 0 1
0 -7 1
2 1 1
4 4 0
7 -2 2
6 -2 2
2 -6 1
-4 0 1
3 -7 0
4 -1 1
5 -7 1
-3 0 0
6 -8 2
5 -1 0
2 -1 2
-1 2 2
5 -6 0
8 -3 0
4 -8 1
-2 -2 2
-1 -3 0
6 0 1
2 0 0
8 -4 2
7 -1 1
4 -7 2
4 -9 0
3 -1 2
-2 4 0
6 -7 0
3 5 1
7 0 1
8 -1 0
4 -4 1
-3 -2 0
1 -7 0
7 -8 2
9 -1 1
9 -2 1
5 3 1
-3 1 1
8 -2 0
-2 -3 0
3 0 0
5 -3 2
9 0 0
9 -4 2
-1 -6 2
6 -9 0
-3 4 1
-2 -6 2
-5 1 2
6 1 1
5 -10 0
-1 3 2
-4 -1 1
6 -10 0
3 -8 1
7 -4 1
9 -5 0
5 -11 0
7 -11 0
-1 -4 0
8 -8 0
2 6 0
-2 -7 1
5 -12 1
6 -6 0
0 2 2
2 7 1
-1 -7 0
4 5 2
-4 4 0
6 -11 0
-5 4 1
4 -2 0
0 -5 0
5 -13 1
2 -5 0
7 -5 1
7 -12 1
5 5 1
-4 -2 0
10 0 2
-3 3 1
10 -6 0
8 -6 0
6 2 1
1 -8 1
1 -9 0
2 -3 2
8 -9 0
10 -1 0
2 3 0
4 -12 1
3 7 1
-3 -3 1
-5 2 1
4 -11 0
9 -3 0
11 -7 1
6 -14 1
-6 4 0
11 -1 2
10 -2 0
6 5 2
9 -10 2
10 -3 0
5 -14 0
-3 2 2
-2 5 0
8 -10 0
10 1 2
-4 3 0
2 8 0
-6 1 1
11 0 0
12 0 0
0 3 0
-5 -2 1
-6 5 2
9 1 1
-6 2 1
9 -6 1
8 -11 2
4 7 0
7 -7 2
11 -6 0
-4 1 1
7 -3 1
8 1 1
-7 1 1
-1 -8 2
0 -8 2
7 -15 2
9 2 0
-2 -8 1
12 -1 0
-6 -1 1
8 0 2
-1 4 0
-2 6 1
-7 6 0
6 6 1
6 7 1
7 7 0
11 -3 0
1 5 1
8 -12 2
7 -10 2
6 -12 0
2 -10 2
-6 6 1
-7 2 2
5 -2 1
2 -9 1
8 7 2
-4 5 0
4 6 0
8 -15 0
7 -9 2
8 -13 2
3 6 2
1 4 1
-4 6 2
6 -15 1
13 0 0
-8 3 2
1 9 0
9 6 0
8 6 1
3 -11 1
13 -2 0
9 -14 2
-8 1 0
1 6 2
14 -3 0
12 -4 1
3 -10 1
-9 3 1
14 0 2
3 -12 1
9 -8 2
0 7 1
7 1 1
6 8 1
-1 5 1
-8 6 0
-3 -4 1
5 4 2
-1 -5 0
9 3 1
9 4 0
-1 -9 0
12 -3 2
5 -15 1
14 -1 2
-4 2 2
6 -4 1
10 2 2
1 10 1
1 -10 1
0 4 1
-2 -5 0
1 7 1
-5 5 0
10 -8 1
0 9 2
9 -7 2
7 6 2
0 11 2
9 -11 0
0 1 1
0 6 2
15 -2 0
-4 -4 2
-10 4 2
-1 10 1
-9 1 2
5 7 0
7 -6 0
11 1 0
-3 5 0
9 -9 0
10 4 0
10 -14 1
-9 7 0
-5 7 2
-1 12 0
7 -13 0
12 1 0
-8 7 2
11 -9 2
11 -5 0
8 3 2
-9 4 2
10 -13 2
0 8 2
12 -6 0
5 -9 2
5 9 2
10 -9 1
9 5 1
4 -14 2
-9 0 0
4 8 0
11 4 2
2 -12 2
-8 -1 0
12 2 2
8 -7 0
-5 6 1
12 -5 2
11 5 0
7 3 1
4 -10 1
7 -14 0
-2 12 1
-2 11 1
4 9 0
10 -11 0
8 4 2
-10 2 1
12 -10 1
-7 -2 2
-8 -2 2
7 8 1
-6 3 2
3 -13 2
-8 5 0
-3 -5 1
-11 5 1
14 -4 2
-7 -1 0
3 8 2
3 10 2
11 -14 0
12 -15 1
12 5 0
-8 4 0
2 -13 0
8 2 0
8 -16 2
15 -5 1
-3 12 1
5 10 2
13 -3 2
2 10 1
-9 5 0
-4 13 2
13 4 1
-11 4 0
11 -4 1
7 4 0
2 9 1
8 -14 0
6 9 1
-8 -3 0
13 -10 1
7 -16 2
-6 -2 2
16 -5 2
-2 13 1
13 -7 0
8 -17 1
2 -8 1
-4 -3 2
2 -14 1
14 -7 0
1 -14 1
12 -16 0
1 -12 0
-4 -5 0
11 -10 2
17 -5 2
11 2 2
0 -9 2
8 -18 0
15 -6 1
10 6 2
-5 0 0
14 -6 2
14 -8 0
-7 -4 0
11 -8 1
12 4 1
9 -15 2
10 -7 2
-5 3 0
-2 7 0
-8 -4 2
7 2 0
-1 7 2
13 5 1
-10 6 2
9 -16 1
6 -13 1
-5 -3 1
-8 2 1
16 -4 2
-1 6 2
13 -6 1
-7 7 1
1 -11 1
2 11 0
11 3 1
-10 1 1
16 -7 0
1 8 2
7 9 0
-3 6 1
10 -10 1
8 -5 1
-3 -7 1
12 -9 0
-8 0 0
-1 13 0
-11 3 1
1 12 0
13 -4 1
0 -13 1
-6 -3 2
0 -14 1
11 -16 2
11 -13 2
10 -12 2
-4 12 0
-9 2 1
13 -5 2
-1 -13 1
15 0 0
6 3 1
14 5 0
10 5 1
9 -18 2
17 -7 2
12 6 0
-1 -14 1
11 -12 2
15 5 1
10 -4 1
4 11 1
14 -2 1
-7 0 0
-3 13 0
10 -18 1
3 -14 1
-10 0 0
10 -15 1
3 11 2
14 -11 0
8 5 1
-9 6 0
-3 14 1
6 -5 0
-9 -4 2
12 3 1
11 -15 0
-6 -4 1
0 10 2
-7 5 0
16 0 0
14 1 2
18 -7 1
6 4 1
-6 7 0
-2 -13 2
-8 8 2
15 -11 0
7 5 2
9 -12 1
-9 -1 2
11 -18 2
-1 -12 1
17 -8 0
14 -5 2
9 -13 0
10 7 1
-2 10 0
15 1 0
15 4 0
16 3 1
11 7 1
9 7 0
-10 8 2
0 -15 0
-6 -5 2
-11 8 2
-2 8 2
12 -2 2
-1 8 1
3 -15 0
15 -8 0
-12 4 1
13 3 2
-7 -3 1
15 -10 0
12 -12 0
-11 9 1
-5 13 1
-2 -14 0
13 -12 1
-11 2 0
12 -17 2
-4 15 0
-6 -6 1
-11 1 1
-5 -1 2
-12 9 1
16 -12 1
-12 6 2
-3 9 1
16 2 1
18 -9 0
-1 -10 2
19 -9 0
0 -11 1
10 -5 0
-13 5 2
15 -12 0
5 -5 1
16 4 1
10 -17 0
-14 6 1
18 -8 0
-12 10 2
12 -13 0
16 -1 0
-2 14 0
13 -1 1
-13 10 1
-6 13 1
-15 7 1
-3 15 0
10 -16 0
-12 5 0
14 -9 2
14 -13 1
-3 -13 1
-10 3 2
9 -17 2
17 -6 2
4 -13 1
-7 -5 0
13 -17 0
0 -10 0
-10 7 0
1 -15 2
-2 9 2
14 -12 0
-6 0 1
-3 -14 2
11 -19 2
-12 7 2
2 -15 2
17 -2 0
10 8 0
17 -13 0
17 -9 0
13 -14 1
12 -19 0
8 8 2
19 -10 2
-3 -6 1
3 -4 2
13 -13 1
12 -8 0
-10 -4 2
17 -10 0
0 -16 0
-16 7 1
15 3 2
18 -11 2
-3 -12 2
-8 9 1
-2 -4 2
14 -18 2
12 -20 0
-12 11 1
17 -1 1
18 -6 0
-3 11 2
13 -8 1
2 -7 2
-5 15 2
-14 5 1
13 -18 1
20 -11 2
-12 2 2
16 5 0
18 -3 0
20 -10 0
4 -16 2
-4 -11 0
10 9 1
-10 -5 0
1 -13 1
-13 12 0
-5 -4 1
14 -14 0
15 -1 2
-4 7 0
13 2 2
17 4 0
-2 -10 2
-2 -11 0
-7 4 1
-3 -10 2
3 9 1
18 -13 1
15 2 2
-1 11 2
19 -6 1
2 12 2
12 -7 0
11 8 1
-12 3 0
-6 8 1
11 -17 1
-15 5 0
-3 -15 0
0 -17 0
15 -19 1
10 10 0
-1 -16 2
20 -7 0
9 -19 0
1 13 2
12 8 2
9 9 0
17 -14 0
15 -14 0
12 -21 2
13 1 0
3 -16 2
-9 -5 0
10 -20 0
15 -13 2
-14 13 0
12 -14 2
16 -6 2
-6 9 0
12 -22 2
-13 11 2
13 -21 1
-2 -12 0
0 -18 0
8 10 0
17 -11 0
-11 -3 0
-5 -5 2
-12 8 2
11 10 2
5 11 2
8 9 2
16 -9 1
-3 7 2
-7 13 2
16 -13 2
-1 -15 1
0 13 1
15 -18 1
15 -4 1
-16 5 0
17 2 2
-9 -2 1
-5 -11 1
-4 -6 0
13 -11 0
-16 8 2
17 5 2
-3 -8 1
-13 7 2
-6 14 2
-11 -4 0
1 11 1
21 -8 2
18 4 1
-11 6 2
-16 9 0
19 -13 0
14 -17 1
-17 8 1
2 13 2
-7 15 2
-11 7 0
5 8 2
16 -14 2
14 -19 1
19 -11 1
-18 8 1
-2 15 2
-11 -5 0
12 10 1
-10 9 0
-12 -4 1
18 3 2
-6 16 2
12 -23 1
-7 16 2
-15 6 2
12 -11 1
9 8 1
11 11 2
11 -11 1
13 10 2
-12 -5 2
15 6 1
-13 3 2
-6 15 0
18 -10 1
-8 13 0
13 -24 2
1 -16 2
-15 4 0
19 -3 0
15 -7 2
-4 -12 2
-4 -8 0
-9 14 0
-6 10 0
16 6 0
-16 4 2
-6 -7 1
2 5 2
-7 10 2
13 -25 0
18 -14 1
2 -11 2
18 -15 2
-5 14 1
-7 12 1
13 7 2
-14 8 1
-1 -11 0
-13 13 2
9 10 0
-12 13 2
-11 -2 1
-3 16 0
15 -17 1
12 -18 2
11 -2 2
-14 7 2
19 -8 0
-13 4 2
3 13 1
-7 17 1
-4 -9 2
21 -10 2
-8 17 2
15 -20 1
-8 -6 1
16 -8 1
-5 -7 2
-15 9 2
-15 3 1
-7 14 0
-12 12 1
16 -17 2
13 6 2
-11 -6 1
-8 10 2
-2 -15 2
-9 18 1
-6 11 2
-5 8 0
1 -19 1
-1 9 2
-16 6 2
14 -24 2
-14 10 1
12 11 0
-18 7 2
16 -18 1
13 -19 0
17 3 1
18 -5 0
0 -12 1
11 -21 1
17 -3 1
19 -4 2
11 -23 1
13 -20 1
14 -15 0
-7 11 1
16 1 0
10 -19 2
-10 -6 1
-11 0 1
5 6 2
5 -16 2
-9 -7 0
-15 11 0
-15 14 2
-12 -1 1
-15 2 2
-2 -16 1
16 -20 0
5 -8 0
-16 14 0
17 -19 2
17 -17 2
17 6 0
17 -20 0
8 11 2
7 10 2
-14 1 2
-17 6 0
-8 11 0
-6 -10 2
18 -21 2
-9 10 2
-7 -6 0
9 11 1
-8 15 1
4 13 2
14 9 2
1 -18 2
-5 16 2
14 2 1
-7 9 2
-13 1 0
-18 9 1
-8 14 1
14 -22 2
-5 11 0
21 -11 0
-15 13 1
10 12 2
19 -16 0
2 14 2
0 14 2
0 12 2
13 -15 0
16 -2 0
15 -3 1
19 4 2
18 -2 0
-16 12 2
14 -16 1
15 -15 0
19 -14 2
14 -10 2
-10 -3 0
12 -25 2
-6 -8 0
-6 17 0
13 9 2
-10 11 0
21 -7 2
-9 12 1
15 8 0
18 5 0
-5 -12 2
-17 10 1
-10 12 0
7 11 0
-18 6 1
17 -4 1
20 -15 2
-18 5 1
20 -12 2
17 -15 2
-4 16 2
-4 -14 1
3 14 0
-16 13 2
-11 12 2
-6 -9 2
-4 9 2
-12 -6 1
6 -17 0
17 -18 0
-13 -1 2
16 -3 2
-6 -12 2
-14 14 2
16 7 2
9 13 0
10 3 1
-18 10 1
9 -20 2
-9 13 2
15 -9 1
21 -13 0
21 -14 1
19 -12 2
11 12 0
12 12 1
-16 2 1
2 -16 2
-10 13 2
-13 -3 0
14 4 0
12 7 2
8 12 2
13 -23 0
19 -5 0
1 -20 1
7 13 0
-13 2 2
10 -23 1
-9 9 0
22 -9 0
20 -6 0
13 -26 1
-13 14 2
16 8 2
18 2 1
-10 -7 0
-8 12 2
7 -17 1
-4 14 1
7 14 1
13 12 0
-9 17 2
-18 11 1
17 7 0
10 11 1
-14 -3 0
20 4 1
21 -12 1
18 -12 1
-4 -10 2
-17 2 2
-16 10 2
13 -9 2
3 15 1
-17 1 1
-8 16 1
-7 -8 0
6 12 2
-12 14 2
19 -2 2
-3 -16 2
-17 13 1
-16 3 1
15 -21 2
-3 10 1
-5 12 1
14 -25 0
19 5 0
-17 11 0
14 -21 1
18 -1 1
18 -22 1
-4 -13 0
3 16 1
-6 18 0
-5 -14 0
-10 -2 0
17 -22 1
18 -23 2
20 -4 0
-5 -13 2
-18 14 1
-5 9 1
22 -14 0
-1 14 0
-10 15 0
-11 11 1
21 -15 1
-10 10 0
-12 15 1
5 13 2
-18 13 0
-6 19 1
-6 -11 2
10 -22 2
22 -15 1
13 13 1
-11 10 0
13 -27 0
-13 8 1
15 -22 0
8 13 0
9 12 1
-15 10 0
6 -18 0
2 17 2
-13 15 2
21 -9 0
14 -26 1
-12 0 2
8 -20 1
13 11 0
-9 15 2
19 -24 2
-16 1 1
-19 10 0
-13 16 0
17 -21 1
16 -19 1
18 7 1
17 1 1
-13 -5 1
17 -12 2
17 -23 1
4 14 2
-3 -9 2
16 -23 0
23 -10 0
18 -4 2
1 14 0
-13 17 0
-1 -18 2
20 -25 2
-7 -12 2
-12 16 1
4 16 2
14 13 1
9 14 1
