40 40
70
-2 0 0
-1 0 0
0 0 0
1 0 0
2 0 0
0 1 0
-1 1 0
0 -1 1
-1 -1 1
-2 -1 1
-3 -1 1
-4 -1 1
-2 -2 1
-1 -2 1
1 -1 2
2 -1 2
3 -1 2
4 -1 2
5 -1 2
3 -2 2
4 -2 2
-3 0 3
-4 0 3
-5 0 3
-6 0 3
-7 0 3
-5 1 3
-6 1 3
3 0 4
4 0 4
5 0 4
6 0 4
7 0 4
5 1 4
4 1 4
-5 -1 5
-6 -1 5
-7 -1 5
-8 -1 5
-9 -1 5
-7 -2 5
-6 -2 5
6 -1 6
7 -1 6
8 -1 6
9 -1 6
10 -1 6
8 -2 6
9 -2 6
8 0 7
9 0 7
10 0 7
11 0 7
12 0 7
10 1 7
9 1 7
-8 0 8
-9 0 8
-10 0 8
-11 0 8
-12 0 8
-10 1 8
-11 1 8
11 -1 9
12 -1 9
13 -1 9
14 -1 9
15 -1 9
13 -2 9
14 -2 9